10 27 58 197 204 212 225 226 228 232 240
10 202 204 209 212 216 225 226 228 232 240
10 202 204 210 212 216 225 226 228 232 240
10 15 209 210 212 216 225 226 228 232 240
10 46 209 210 212 216 225 226 228 232 240
10 15 46 209 210 212 216 225 226 228 232
10 15 46 209 210 212 216 225 228 232 240
10 15 46 209 210 212 216 226 228 232 240
10 204 209 210 212 216 225 226 228 232 240
10 202 204 209 210 212 216 225 226 228 232
10 202 204 209 210 212 225 226 228 232 240
10 201 202 204 209 210 212 225 226 228 240
10 29 60 198 202 210 225 226 228 232 240
9 27 30 204 212 225 226 228 232 240
9 195 204 212 216 225 226 228 232 240
9 27 58 197 204 212 225 226 232 240
9 27 58 197 204 212 226 228 232 240
9 27 57 198 204 212 226 228 232 240
9 27 58 198 204 212 225 228 232 240
9 51 198 202 204 212 216 228 232 240
9 46 209 212 216 225 226 228 232 240
9 198 202 209 212 216 225 228 232 240
9 116 120 135 139 225 226 228 232 240
9 202 204 209 212 216 225 226 228 240
9 202 204 209 212 216 225 226 232 240
9 202 204 209 212 225 226 228 232 240
9 39 202 204 209 212 216 226 232 240
9 15 210 212 216 225 226 228 232 240
9 46 210 212 216 225 226 228 232 240
9 29 202 210 212 225 226 228 232 240
9 27 29 30 198 225 226 228 232 240
9 23 54 201 204 216 225 226 232 240
9 204 210 212 216 225 226 228 232 240
9 202 204 210 212 216 225 226 228 240
9 202 204 210 212 216 225 228 232 240
9 202 204 210 212 216 226 228 232 240
9 202 204 210 212 225 226 228 232 240
9 39 202 204 210 212 216 225 232 240
9 57 60 195 202 204 210 212 226 228
9 209 210 212 216 225 226 228 232 240
9 15 209 210 212 216 225 226 228 232
9 46 209 210 212 216 225 226 228 232
9 46 209 210 212 216 225 228 232 240
9 46 209 210 212 216 226 228 232 240
9 45 46 209 210 212 216 225 226 240
9 45 46 209 210 212 216 226 232 240
9 43 45 46 209 210 212 216 228 240
9 204 209 210 212 216 225 226 228 232
9 51 53 202 204 216 226 228 232 240
9 202 204 209 210 212 225 226 228 232
9 99 101 102 153 154 156 184 216 228
9 201 202 204 209 210 212 225 226 228
9 51 53 54 201 202 204 216 232 240
9 177 178 180 201 202 204 216 232 240
9 30 60 195 209 225 226 228 232 240
9 30 198 201 209 225 226 228 232 240
9 23 30 201 216 225 226 228 232 240
9 29 60 202 210 225 226 228 232 240
9 29 60 198 202 210 225 228 232 240
9 29 60 198 202 210 226 228 232 240
9 113 114 116 120 135 139 141 142 240
9 45 46 209 210 216 225 226 228 240
9 204 209 210 216 225 226 228 232 240
9 15 204 209 210 216 225 226 228 240
9 51 58 197 198 201 212 216 228 232
11 15 46 209 210 212 216 225 226 228 232 240
11 202 204 209 210 212 216 225 226 228 232 240
11 201 202 204 209 210 212 225 226 228 232 240
